999
143619818 483762168 124723869
875041061 461717626 11934151
989810208 819243172 127974408
703433526 706937251 669577451
512779028 855392723 617638983
106979237 4777192 684527781
993290044 282291036 902761715
808465154 388701978 410018154
214381730 334900588 794249660
410597171 177759778 818220162
381296997 21017091 232570852
275679471 884773496 414600073
236052792 725626998 648964032
140701508 569509548 77776880
750158048 426398445 938028605
32356112 445341407 444996219
638550456 634904548 729601111
342329993 998303816 305033410
570191662 764476332 574330017
479972023 996073650 169243827
220233797 707546601 979243713
75601655 150281723 920997388
729413395 175943956 591232243
457806968 273257365 2557924
560839747 836920825 919321476
577458112 546758662 820858401
777850514 770424632 162067543
604683814 312811114 624430337
804905556 693602501 731268194
183933270 394056685 260469907
153104622 240012138 960538927
505840339 500969300 357791293
803435099 546640450 380648541
923103598 940263027 980005430
468578474 147330110 825271583
758382290 487173046 30804235
329717628 609934753 118120377
815020282 467930523 239720221
677638536 572318086 944217864
52111799 399674932 628362271
73048601 119289175 365776890
367561261 332248744 373513370
362305165 92912726 380327183
485592661 159612081 673293674
696153557 952824598 645064160
578411130 272462877 381977920
360997882 29167360 437191831
792206526 734730830 514092064
370732948 30725585 103347057
321717909 826354108 647108835
400516947 425089816 120600642
860284998 554532208 437459637
707708280 721924027 519148015
865064559 725503625 553717910
656280411 308386673 696121843
833488768 542608825 382699739
909272292 899826759 950315484
285843260 702167751 897869995
26158100 22533149 233643213
592286270 940561933 341365124
114935932 122996264 957739260
485415280 738030073 296086198
385951939 550766192 338945332
401137555 788727950 529843429
19515426 490053457 994942546
250474172 337561314 568214410
665657321 478357756 651908298
821710803 868521631 618908272
433369337 759490805 571489825
272643093 888174468 984152889
607502154 899667861 503007347
792361105 113160931 267482328
647348581 118489992 82441196
351587757 489137955 21427478
56729065 784023374 195373136
136513696 912885054 10408464
719804168 19152571 936126070
707256054 431014979 998443446
300934665 300235385 132661702
986999314 478639314 144805707
300062917 714919299 245279169
305389733 563465892 68700905
818365740 616935593 932931960
227798074 28043267 757527292
191229120 151291409 374436113
292770988 807585100 882378693
913842711 863756466 120243527
65087916 991735411 683922647
986276443 374608346 441490153
434354238 573464701 846227099
47168203 625227431 323681881
567517243 62274309 587018189
837768761 443044239 894378252
89247694 396727737 406522110
500301964 97373147 34968334
111657721 39782876 911334931
680439870 876377893 99151997
185167631 80191429 101906370
839012317 538850528 857706763
352748090 212490844 613596954
31789964 676825550 615398782
172452597 53265570 900139770
911080065 576185737 330345778
333526928 547207463 357046167
356409990 330920957 128466324
690691505 563230612 575365112
73689978 483381482 888353190
627562447 951832609 519168379
464905935 402698085 811794304
188096695 570359581 740477776
611223820 575002454 565339595
896868106 87839852 4901883
879474507 390112505 31153990
979883707 233043202 884870869
899688635 290615903 219412547
227366035 62499947 95525769
913087005 803960044 182693928
974073262 480073797 879140761
929042760 919140569 913127153
923714814 543813057 286984664
308440742 217191602 450617003
277198533 777138472 128671215
280959671 223263959 842527481
372705821 738389330 225065435
629911947 963647740 469488273
558269042 52947247 426509675
806896202 690219435 929589949
545940228 857997120 65104325
793279150 405717438 426097884
770417255 117651741 328538848
222956166 419362792 782648800
112451589 491521775 696893193
493195059 209526316 806192592
340510105 667725556 684983904
260984108 969741666 626691910
699953332 986200832 430834778
655690108 809902776 155003632
532999226 791559161 922637631
478490944 439145260 996756241
867245540 911436633 41854380
202312492 824661780 783235327
899770301 671277741 877765136
956713221 812096920 773975204
124506535 92322586 42775088
842433319 808690229 663374335
633278677 377767637 109248165
741402110 589395514 797402787
308164945 802699944 993196634
263287182 733348941 798613813
4518774 853418866 251591185
587822830 171940325 805022448
391650676 820654501 978769374
33600967 457277135 720768290
611972817 51647688 218031272
344119767 690618027 977171630
866269668 656697588 846973869
263579762 521482862 109746570
700888922 898443865 520443389
605894142 739368927 262050369
250523060 366609593 735972348
558492020 780764445 117577584
811220165 897981674 882022627
397618148 284289046 613726027
521038134 460275286 333449789
432260591 337139215 496708375
981032451 160820348 436902252
564253517 508018464 399149231
715559421 318621807 582072099
605761095 840958391 631189505
504840009 218427987 599761131
953995068 475959315 454307473
114665181 126106853 394407585
834168350 328178632 459537651
278630408 276483826 360973300
209714163 571654976 201185875
192734185 29707485 628568554
501954135 238556470 666639342
158735605 788840988 576499290
461617911 453030970 513055384
613394036 883657914 90005361
694796565 660593202 722549302
543508994 280457428 462373167
180123913 306057173 813878595
166296848 394411037 673139945
39523260 446499889 937692238
278271074 332958044 117554375
112405037 236335652 959191928
104166288 856510443 422103877
546176238 682306020 890972665
272081032 724386617 818022580
653769638 440698489 221929882
709113608 541506631 806057656
109568655 862209856 941008953
139704359 773985580 457137610
657487351 817432424 782677322
911780811 719103635 885780150
951259585 654445431 528105811
569583666 307466553 439111708
640918242 909910724 588974445
555552619 10969970 11595248
329927399 211400443 260852936
519647964 856166051 771064572
895531372 533547423 608618533
790401724 104769223 949988955
739534756 135149953 565561692
676344728 942454252 866439422
63869910 316352588 896730838
279510993 461565366 612425513
493382364 814206971 744843538
181727002 956431065 611969524
830408100 175650399 33691170
563270140 748056737 541973708
555459249 105941148 489781549
876566867 188197483 588541170
683710873 103611051 915549164
570475472 454662955 444448505
919721094 694955224 68935215
435593079 433302758 735878218
735475128 534132546 743508824
292984097 99262008 523446946
695779071 61535072 689054172
438909434 158208461 444464016
644297027 148181880 645064392
276114690 81226218 687302650
654499326 212892200 856043320
901836942 302041571 270923159
456142527 109478368 286485983
171692997 160031140 639374452
611399335 414992483 765262980
468644389 825058603 555005553
770139117 370964556 820963712
117528318 484929546 826193603
59832156 834663045 301959491
206406388 865376999 376238962
708516305 11029455 649171407
174687104 619801854 109991642
733281728 96608319 731427386
494637165 913589147 653331244
478930094 824831677 165896750
981365597 107563939 834038252
143265462 154537606 68677995
713938243 977454346 184440179
432648199 929114281 397928769
66267112 606540893 925440109
982243426 463552396 537767960
247054185 568200247 720780634
581187230 718052454 615580394
757505974 686448333 13895694
989863462 158601923 340914885
698927634 948172133 398282547
566167159 801080838 323529292
204164247 904855001 257694148
38837413 923628768 537318709
331783601 1165847 508402833
951246550 836536028 517493194
350646177 810791329 903335360
958065091 160793557 630131307
937179130 652873487 41844808
621341756 377400700 409538312
742452005 618069898 616401783
971727522 353382613 326160553
398722526 628530769 621871723
750518381 863340985 677817577
895412406 586489399 757122458
248442277 870180435 244709748
380990866 525123360 250081869
991554667 487315109 633158542
835519784 274903945 57502750
281876080 178534402 373560717
478393991 247791103 981180032
232432763 465060500 612513884
220435598 122653861 400196149
192567781 320367830 822431992
370754418 864338097 632789207
249548318 624583448 995937269
265649722 347689453 66531410
733896232 710515456 250926328
38614084 804949049 981193830
916922904 377233669 188205628
635993280 833451269 403585064
12011674 262816756 808550416
301549106 679515353 160757632
160859244 755678830 8149077
521310195 799932623 685796010
582916576 98028134 649113091
734669230 340186133 896950711
737908829 435331749 815069858
703818469 78144366 483823627
697739741 685460039 988166099
362771563 221777584 825925599
571968622 157649982 61379271
44110825 314873926 313392063
646161842 425574604 511452612
574847836 252767917 36306955
510522977 487747339 931881382
787525779 962037241 317164151
594659268 985750119 792932697
321458356 444460879 929011085
873143610 603813920 462593378
884583862 193478250 640142375
326574518 455345867 269532501
190355430 519486232 452217592
667094845 548786127 125095774
10121060 706832060 585445379
553685097 418552554 826233787
736045477 184306125 318852640
953324011 956837804 133068862
238537969 511678291 678851197
947222018 272174329 24651214
589381605 602305647 95876120
935383559 298226826 959939556
742289648 496847826 228570951
88504292 37300330 750871568
244067799 127751490 741834546
83428246 847069819 440212340
728558387 760282906 222976342
324901552 221247984 250723909
827701231 419702217 648380674
459789273 628536019 215300943
30477005 721775440 321039068
442756683 136036223 188178800
997144033 361689286 246890587
798289237 81384484 378911514
642210323 75367894 337835340
228281304 832405576 214547412
482770079 444123710 323719503
592965579 226366530 632717752
266762901 705852752 248517977
818150840 842199743 822417652
685322331 741435762 184202545
622291007 377305664 123547979
486208297 425021856 251706614
885326224 223905944 305285010
863366794 955026662 705595542
251921651 486072432 616005430
420043232 99800553 356623190
648203331 42983620 176636339
319874014 970784349 420524878
854651244 770795109 283652636
703331853 232755854 282680556
299825650 104455032 510061208
921493066 696041690 741164655
725986923 666425076 608223201
261853764 950047539 648320363
823040514 598962213 731755205
693449473 368765600 772704330
869188085 379502125 553080743
575558744 228719802 358331847
110748437 272932736 779344893
556323446 978172721 404069490
462226251 369306982 606732753
473919323 258240327 595545649
817879311 755818363 400893250
168278620 979913041 62350267
600826609 70741808 794004995
650990497 801663548 389868062
872673042 147526985 131742425
176469926 555435268 213649976
831110825 703021918 510510879
251717820 619240508 868254783
203270529 777762653 886130243
343855752 428442507 720654651
272390008 534347524 591908680
229521280 755478314 61815433
73936896 705984874 567614532
593207923 171032425 694603096
778114975 802360437 527892962
772827648 448516650 798663726
694364017 142055523 686236383
386633243 745488483 621674594
348859042 750422339 998841231
729685390 847920542 132226976
139583991 345396859 273720151
713624436 98518906 920404843
385780549 70923842 905798194
709973694 361862954 628879508
668620022 85841701 637572655
236218288 906225395 747721926
337805192 356353925 694663919
321940834 798064047 823052284
449547023 208975637 577594665
507323713 165224527 146298375
235354801 85822046 476896296
134852750 291205459 806527499
479615528 398031420 554743626
993117660 969922642 682368513
661883714 265574240 68786560
519561876 318783862 140569141
979957089 350550478 146358483
281583731 216789758 495224006
746707197 387888223 807880667
289785096 393272509 539019051
491080991 537259583 765053768
52790585 283711896 140962730
973100262 196711022 331389787
724616893 901466378 717894881
812235524 871139649 142657388
314806177 650172577 190416192
118018880 852052959 538330467
446562757 164148096 762170506
148349940 615735238 845234497
214314590 851168221 65632090
554059150 371862598 264641175
447265140 237856387 726674586
684640273 238328835 613496844
528515939 292340816 724216587
11746451 697116278 975572697
784149084 522752949 234480322
197724862 7903082 491135054
519800291 963499578 904925352
24593489 548801153 616243020
619959889 230475258 214605815
411891358 59044526 222981067
145322066 4163361 425017793
153406988 188046778 226411604
760833126 410968435 857200235
52695957 303350210 300914054
918200417 515974599 4442412
173743176 395291318 807020947
647077101 602516869 321226640
750097606 916974553 716555202
234530565 736274478 367465722
151922374 286833989 191389676
225882489 533429459 525138459
741363346 224100199 798427137
129295983 277146522 361197694
993331337 805942397 679088003
763800799 84508991 368038910
2301086 822747165 53653768
962627092 724088974 259936332
965309398 992470703 303760314
444561199 699959788 862528620
69942220 30044399 80111320
917206182 875320525 11532343
408740398 807041902 341654836
872916415 109061949 969304536
773582912 833950225 979655861
855165975 733111130 369573713
700866646 39291790 369062869
729982240 305837270 793235957
905352027 54469876 484659490
671159708 511314551 728054766
493462607 886349090 240961215
679058213 736565145 871127479
619626947 441507917 938774498
577009575 613002665 338346400
505631069 573576572 392833109
442349282 989157289 320489807
106354008 588782605 438105079
878388715 992399281 831821627
969636867 101666096 675336251
707219114 659998826 655695409
401797951 837322089 37533094
12169563 532936851 279485650
281167363 680552977 868995410
606580751 47704190 964685073
557882330 361945299 468886640
550263850 635527570 260906935
738597986 344355633 558146496
181837797 844749256 427602400
234332876 677684222 569513241
930797516 307748656 982806654
833872737 342467299 76824293
910120511 382466412 567374291
274010873 263853021 372044196
302959346 192308530 199301369
73604740 251902651 854776678
946428527 461043660 583840604
775320195 262736035 904856915
140081041 787134105 413925436
318019214 303907724 328097573
55295240 417548939 102513710
960050382 970362819 686201515
39473882 933957033 9383065
395563906 214013800 393808710
744936414 906565773 835752251
433832572 98268656 302515565
950578498 133936101 783879588
751010466 747215779 421497899
185466372 233696756 229378232
244354416 307583774 968427165
296405114 443435536 901052464
592344691 731173584 573190007
938124236 137453603 47158295
197820109 502372990 641193598
646888311 724790316 746702927
539825846 754372801 805705742
884370122 655238590 655190027
755442423 798283908 873447059
200532587 294820734 429153109
912729199 253166217 867297298
918418897 741169319 978865288
953766288 19820772 383186335
483841737 788585607 821801428
105472481 771338877 118321382
709157107 187488769 109850815
810085755 447537808 393281444
180081988 920112907 365154720
669319822 818063405 323118381
428758915 522888752 621080356
588649692 250298 773550567
967098319 369344013 446465484
672750395 613197423 527529163
879238166 89629398 374160235
366203669 286610391 828516585
646813597 107249104 857578154
339953129 920663892 103349474
876866172 24896214 605108357
255161034 40946585 719719022
499237665 225613783 76842445
922905564 532883503 520429014
204504011 597586516 943195815
824759772 808898291 915120505
333974542 794203364 165391370
780358039 287028116 93402953
496589908 881001138 205806402
412430192 976457496 722737228
487667544 387785467 210234737
38510813 799107414 317784094
977975722 416539283 700030219
11582953 161735803 715970156
822334256 470597983 816603992
689861297 865680007 529781880
341479585 110502363 320883188
294817000 572946127 676340890
524942603 506267795 481787984
51705174 590930811 319321019
441743180 641702827 883787056
537786707 386259719 773877466
876457882 39911002 845745196
802254414 947168708 326660745
312341757 312184425 155739442
669786954 419126615 791123055
962546898 600441270 185626624
149510749 205231670 837493958
930956872 466447285 746182061
793852466 545052464 299038684
319305701 829891308 215776287
977781638 465693924 601193876
484185856 407754356 755468692
694810285 533902150 810220771
136388421 444446589 922167835
577694476 211109664 654536022
378976823 589686984 557722394
90189982 560660365 449040009
509185703 846750253 224877768
574997873 976214398 839805359
329805888 420598805 634334642
635827497 141694263 389298959
651547901 450356479 792347193
319969402 757860304 784488323
848152751 966653693 760164368
259600048 278824118 19663353
521634426 228493110 152241600
89887528 346193194 574033140
857605719 651682659 876411429
636644566 314017727 78998538
553251474 220285268 106129392
128043455 783557086 845387110
187521866 871759979 322553126
878797951 123153732 758363461
20772342 999280413 590949533
60036546 652716928 405677946
751385820 145292407 515501956
194812365 921187192 426546924
116224154 258689429 922190042
624056820 476508899 276006677
87246240 811291946 132278516
278993955 350557646 991670660
240135601 644630781 374660345
107684440 929439769 424994650
166869352 465978727 91863143
124539429 213650169 755028686
351061935 48432856 771653262
556536880 595231350 841800875
582827335 982376274 284771858
918280117 423560940 989102030
822616133 167541739 71880300
128907264 207874188 202402475
156797842 6068813 786682727
706567670 497300186 334522055
701138536 967026232 868474533
663362444 206161455 606307389
140053977 260338428 408452889
293299532 301055287 190041404
339077706 272466177 927403148
669153236 574187634 7187333
227853042 691126593 762457883
263635289 114308532 550876143
377243486 547225290 157436086
679891230 811828135 503792613
802420462 628974143 139389088
605464832 242057030 892866277
365773910 887737174 818565363
764220652 769407329 55563264
846631200 401339482 627632668
107966052 858099742 776902495
840765223 598838184 831428697
947734016 636438645 892662714
427847708 770023731 445883712
299038953 181147569 420167649
312486147 34136579 540753209
198797918 465384691 136289845
184018869 196487088 583750400
826015026 835955377 195042862
25344093 113490409 618491174
468059466 295473713 812440533
621828349 877894641 760760720
379722528 619897616 790749000
763264233 829906974 116462836
963867460 27910336 357241915
717029960 114690907 896026721
67366360 999135747 591897972
848286104 799985829 230824118
281905682 970913395 481877580
558710568 951414416 249862696
491808189 980879868 643530291
467904158 28997825 681193406
78777014 890566238 644016171
349849713 152108404 330657494
618439280 483913902 954263113
633433454 671377141 947586208
643148658 615434964 288075577
278709302 205164840 875970976
746253014 284612876 73546681
379000508 160819460 565711151
211982794 387925351 368007707
419277257 874098705 764089080
213108497 133112650 26413510
859959417 710239728 512590973
164813953 411149035 438677684
465493438 189126098 284400273
966347909 866394329 818907891
85630426 797010941 580433117
733692826 354124147 528521765
412231143 722616653 144499038
83525076 878872173 441070338
914339665 277205166 489614307
451834456 689761361 307517651
720550744 964627109 815261074
685096161 372329978 996141816
62549137 326635206 736648290
285231933 484352536 142912097
768211043 476714813 15752864
469439184 455676081 556755734
283707532 91396168 96435308
689452558 13202076 88738224
970038940 996896185 678586171
385148930 786133767 469547744
871604087 373942903 641431893
321033164 866343664 695164133
282471126 635278331 684419927
357597213 305018029 985424152
161382596 135520725 918158768
574128315 744459110 187589475
345896227 589783847 52514341
532871169 803110552 608426435
454710054 876331558 324087631
387418206 244784530 65729483
327839959 423189918 55346201
742013907 764982522 345902114
160884369 83160173 119820101
364845431 922775111 942582786
461972612 928218885 334333671
895662325 362223942 124602
552679990 191317741 752802279
584778763 963131799 556447019
974068734 830212671 986319233
967827467 94883887 793172300
409554057 895859497 47925445
818570587 897771734 962046887
801001048 463436654 554271257
364423927 85203368 965550812
156726078 235135971 220498101
242627563 857829014 468925211
751952868 331249653 666867748
187052252 88822500 178593708
496302918 650803488 247362504
663541118 739777195 83266154
208869429 29507703 755475540
542489629 682961494 912657729
744175830 530670113 885205841
513902359 420113959 305065397
113419296 670394072 558412956
944856158 448828337 822614620
983358303 443389290 829813220
271596281 93841758 940082785
400052149 446772282 337542191
109720705 647758825 53883650
408778134 418822334 46984020
141905062 398991330 525233936
340808266 873570560 924290432
583130282 734013743 439098996
457241965 347621152 360735923
704954083 121951879 211287462
90968176 598532814 736311874
666204731 72948984 952362806
729770007 686160594 755327573
308401073 401075552 599225157
373941242 853652102 489408872
443798999 358577653 517340426
266059271 427613016 777164748
868296276 841049535 102840912
568112124 508473419 253095718
527543137 65137691 788557557
843358960 778810742 373850604
722029390 365346360 247611499
407785161 113643393 155530989
535743485 131751068 382433592
6386117 192222509 48128712
824236644 444734110 929306744
439498227 25135306 513611121
514950157 406030827 389220696
753384121 683403200 492256690
968126103 853569539 375798938
901635150 774276618 918748326
271449397 53351354 56809494
967881023 126851508 376967486
67259948 62637242 907030581
426474477 986774626 40626622
824711254 328587518 433158517
136228875 257231562 109736254
870739620 653335127 118116331
464181794 871530039 168289067
192837014 220044777 181826234
693981454 292104711 769134790
849889475 832598445 207145375
123754368 614253356 467325090
425854549 975592431 94735463
533681533 911528364 591354408
766816395 4244686 770040436
190427611 631523362 156397333
593076024 868136385 520482878
664353737 969414973 746855160
529544001 161466126 800624846
165279814 85776702 709265591
406064161 545243475 934101827
632510375 374085501 933284873
182322534 44846848 700493903
696957715 20811235 469611259
467648051 255540696 131404729
461317641 58337390 143523181
299607231 513561718 209527771
113722838 11946674 196256404
127487954 167090116 370928931
367195937 694464341 616694904
780686413 246419075 434007956
544714082 83399568 117126517
801189536 863538888 357240900
41950308 381107891 436580284
602117715 113554300 475123933
386281929 971884959 159789265
183454593 664224729 225507614
677608580 63905868 518343949
692000854 797434609 136294490
999620191 424139075 445019420
778333334 38983977 425396469
721739124 791707427 403628414
619714328 910511032 565469164
117714870 502023710 69114887
234261828 909813803 608877645
260421223 283945339 84736353
824870043 371854818 384430777
384712098 753992979 866023559
752656942 199898513 411753703
816153041 470829270 416260169
864731683 23383234 434525473
55081781 711836742 826029261
902164278 716237648 106176454
234436963 664612857 308799243
358585907 632876780 852691145
559161539 28770585 430390862
301781887 191577754 136834863
658726929 858138341 589536183
81806990 654703667 450637971
554234334 390496303 418564028
334892396 48484834 186901155
509891087 151416030 177212835
294234679 219733417 753860259
270639450 72124780 639924489
797398689 119967452 153900263
448862414 983762023 246656864
334329200 558372770 749982810
219231050 367078386 310447978
908932608 929942137 626098684
297376003 893666115 967619777
375728062 668708784 545469022
865750272 581058596 95996241
613787052 447758573 768348966
857520287 101740660 228417242
90015714 221671591 5959311
823059728 876487078 72775281
278483721 322417579 134996712
462180055 208893503 410680830
909140960 125042330 642920466
47414605 912100186 514037181
248958137 755555175 628512004
592730141 730490917 420048831
313905403 728362203 426259785
549396169 576201059 548401513
693317279 652505107 222633599
320217636 509204202 419053297
870819253 847967230 852017111
435975639 909702948 524181222
775795167 449859297 582980506
108578271 81825937 178342311
512663507 467375573 480908960
350193675 933064001 841427176
909508827 254431814 947750361
659589505 120023132 29672243
893254230 151535476 714580934
552174648 256942492 94665059
116944182 633766388 764929535
390245501 361360080 111543848
213458306 305664813 822605485
475305072 572578649 812722568
931556308 70820061 721002511
645480326 344986030 463432282
952758490 45865108 640113655
79482887 784905946 641435084
790987479 51237174 711368011
70849168 522792954 671547612
869816609 888346236 802783623
783705488 615344066 349546464
747507618 839500401 665181240
308643532 242685431 168468992
85394010 195933943 156772992
746170077 622367989 831693497
577503961 2709826 481564823
950011054 676834088 750622554
272426951 142417753 772680006
47244545 90004629 866839689
306166366 906698650 495897964
940617194 688875600 544675261
899801068 226503220 705542523
832302673 428487685 783304387
633470292 126329005 545825018
1621362 762760561 744771899
328046732 807406428 743154690
549630557 74997736 929433114
381327391 165194478 504658115
91595640 612614608 18925352
709291178 374669284 365732607
297891835 795786786 170475137
184197217 83611665 118861196
811081585 432183278 799762966
571245193 372242974 423901652
144283964 680505813 748925739
195500285 428340487 905613654
144807951 174405007 220297689
140355500 19490717 810331941
717806963 713285989 876311179
412142103 857990661 779152742
720892229 568684982 205913987
673857237 861104438 89432275
177546548 950237812 37500500
733617425 237398140 29283389
288777286 162891941 469752168
334377480 107447545 189212163
592993362 934391781 308056442
875098766 110982433 439884702
952227717 108493793 551213338
209334408 643671100 694616344
520820703 663987675 235876398
386968178 210106342 472293006
117771957 89503787 425194861
619733208 824540560 515540404
17794095 993178042 950025189
103796191 208064510 515503439
230127817 829441927 505831540
263431867 147657928 297123514
731487444 34342436 971451728
947394360 940207068 807319395
305126389 694591800 755262849
804763443 468142840 76256333
299998370 717221629 942596196
449404960 84855603 48861582
870408618 611932097 243572008
589292165 697831027 241563601
63488428 17309031 88516179
504690555 361735414 649002963
455493788 426292964 629673276
481462834 242269899 158364136
850310980 832567237 706396048
943717740 240849240 450959733
296713407 782229414 388965583
907619582 58671316 768017013
39443454 411223994 836675533
615841620 493133772 826205943
315982661 705415752 40989236
637203180 483308193 737254044
548737964 746870826 526963199
51385816 590435590 228430363
141121696 581880910 677682943
638546751 853094788 144171199
463952226 593480503 49209432
869117146 542307063 971419621
210815621 794603643 277684227
64041593 286770192 299959937
549931890 688031813 684445772
151780734 482443988 581466264
230483942 624455890 646979922
236638303 853345817 585531078
740714864 786918901 625029260
190443046 864959758 654238135
108525814 347033749 94382656
55427570 532696242 832289712
540808239 516211244 292421388
817333365 796634458 245292549
88936744 913661001 870984544
514751862 871589933 869170338
948893633 537843213 562781952
782335822 840463530 156491141
172351791 337485743 702501508
700973678 836006942 754902592
87187322 221369850 140293337
593737429 688745776 122150777
988931326 186699211 501297855
668118428 242037080 982939244
182798828 736018326 800425036
71752301 797424225 482462310
325121480 510464224 761662054
557747973 102223341 552114249
448135915 368602564 212137546
646573751 396962543 733111309
131714561 267719281 368134921
699537898 668349745 980964411
72647050 331318952 168057096
939506584 859226829 697237874
7191898 213004096 691206014
372200143 128644022 767921124
126150171 390716836 314613752
307348530 459562798 784605399
383382216 774608210 830923222
4270967 940589904 138433063
208536625 157815643 389349836
595350249 270121606 900204993
787415164 294931944 42317156
101523685 732658449 630619432
205616289 965464497 165691001
962867550 314793606 95984369
18824171 837657990 590176444
62397276 429904717 907139656
560731515 249113544 383504177
386498679 743296546 759818348
240331207 865111535 830272433
355200606 688177046 757848621
294319637 995136004 635453543
39609428 859292046 401781619
700827138 40059941 475070293
511764655 277183680 264189111
122900736 286063110 993046479
150912090 586557499 926552201
934627793 176874605 315672060
929276498 886199518 778194187
742919183 70473395 722909786
921330475 328159966 998660979
476593574 796096072 839510328
127419530 828965698 117260684
297474646 684808750 410916412
860996779 948243816 504374579
581318452 122308730 851120605
672408026 363529344 309494747
504092200 343787480 596326633
553982971 105499918 204316683
82618734 285421830 628807166
898004485 328840811 152842973
278217495 911748182 838097682
105994113 599544898 789685631
129041544 242115375 209225965
731599373 646939157 594648244
949826551 478803339 381033132
244037341 296846519 420603474
54263283 217649528 354767678
563903030 389587921 769591492
425299675 411787928 477947624
293032692 264363872 980765831
95785571 618193315 301113027
306400260 590987571 343217071
541361941 501742563 954778171
618463208 188808816 56841057
229931980 492069557 110152848
163385911 753239310 328450904
789385528 960090380 496819799
222327580 784516954 350230882
300523359 671928047 313211639
571917013 126050676 457524963
755909912 849302776 793816623
86202164 669419729 195472463
920645009 211315669 947703692
563091744 763054521 259525809
835934664 40706505 361657333
704709138 424412361 265239337
100128275 875354665 220169506
510923162 475297392 209067112
392136091 680733922 856775454
410730202 761770099 712944180
336797146 804701168 244040139
653741575 799394667 158882024
