3530071
130722850
572353035
366252048
210060612
63077142
785671737
43802314
128928506
377132700
17526530
454566249
31934240
291749156
597951512
75777639
148749708
232082508
216988873
154791940
118937752
488520804
450973719
125093640
344895564
41471645
137833980
571339128
169067319
153480070
109838700
18490416
326006428
2859296
267587500
151145397
376833630
269642640
119682342
41968025
545490792
111254934
530021670
890570304
455051168
158332272
126028960
10898428
7210272
6270750
118751680
377689928
639776934
416590720
838886989
342484160
40056870
159279426
226168870
42558930
309121868
297980100
390204824
89088384
641849040
423546211
704525796
205848699
38357144
56951648
392836714
298216464
77170086
30899484
527459013
353950040
51855262
768394764
271242424
237148494
34528912
39680040
325623760
360738576
378459268
23856390
520788842
82953674
345772395
501713232
11562407
94887104
250332205
453175185
937265364
2494240
170808485
573449265
57316350
612672984
311484384
415483125
267793344
517348433
118859455
21489152
150118380
275944011
117812023
72998925
47048337
161189000
78359853
49622559
3798522
240216834
264358449
414705676
723912384
155779585
1417566
75132688
679631600
4324944
657013854
653756425
97212652
126114093
163848828
144012834
25731955
471048786
676462474
589720290
103356666
293297634
27615393
607463514
877548204
269861397
54780588
83363276
182734860
176412816
88346048
77208212
182950618
335327411
58679475
57903177
123694042
12252328
118177472
400914400
113066672
222634920
0
244311607
51030675
173170704
213128463
12506112
800712120
827492405
2927097
87214284
106429320
150688050
121343200
465705695
367436925
35216810
300850785
3461038
394187851
448859547
28456659
112469196
568240435
173772144
237892155
383345672
61877200
18474102
355308800
284316
754107110
222532380
383029904
317138058
326736954
8000032
1303840
117890208
456981654
23733270
244344016
640403218
163538742
23036136
27878670
0
109642743
299876640
146018471
185632480
225968292
131138676
34654271
130181364
810815460
36817314
618316127
49828450
693120791
40181994
252015036
404547318
267895488
40962258
231571710
71668920
224293000
109541390
114262310
166282898
613023043
756808296
46544832
268271612
121318100
213990866
82026837
96306699
56877480
132099812
129044442
182569478
43329874
295013080
338761440
167536008
394552020
687943386
54494415
567271194
41736948
457841200
252676944
160428506
329557326
157371144
85585370
712043460
73808880
529900992
635130672
174466512
270262740
482104062
121374954
154380624
190368074
284373656
140547920
213288808
483406056
20050565
200471846
26159542
242947660
404719856
189702632
711338097
344519630
2958900
97097310
476605852
353129298
111846354
45701651
520131456
357812700
151558424
94562720
160484011
596678290
257656500
503005630
469525638
125587692
129541400
100786410
16375131
405621440
509973476
42976320
52444350
319140093
167475446
792099126
76658106
8472100
229103000
99511736
145679540
887753684
189018420
248724898
256934430
176979179
256766454
171844470
403606670
417203244
32553462
46280388
419129816
571719004
576276832
18524032
94125132
108059875
587301568
405610324
384023705
48057064
767092704
30760889
166109255
188618400
152251942
20364794
32384368
135237183
73613931
26667333
68023280
402098396
368266041
123056960
99087000
12737998
111406306
482188120
173690336
1375910
676698330
9378000
16585734
20095201
27150445
142284282
71364348
131193882
332244198
43026951
539328000
113391663
325248552
49494544
115398171
361010562
203554368
87749352
202611078
65778380
16948664
515177532
444244392
111899906
429998940
568615746
244626420
825728176
19955930
27972464
368197452
57605580
160433196
93394107
256943232
427699694
600544539
0
41675140
298046692
394791540
623973570
91678238
665319450
351348437
350419872
205572045
49371570
14914464
494110000
212485680
388353120
112125780
584376050
468701670
438020326
275417520
795048710
129428811
728754640
79660140
715386163
308281648
150750040
93193600
22957843
304800076
196034296
663954496
93095932
60339955
788504431
90997331
332112216
52384152
70667784
178067615
710747112
89878744
38840880
57401892
385213632
1990297
409668978
495971760
179603982
570468976
56189896
106145964
627718790
333760076
43655348
445922496
23597430
176408938
183934006
10554561
248010402
403542048
88372724
111981555
44860806
393077176
289846793
16235016
275362880
115996392
429161613
43149834
8027457
82714800
317310624
90909750
283008510
770154400
453157430
154718872
35262441
158399049
58836261
417492504
94080240
504128026
279897750
261772970
492753870
324538466
161137119
10890880
215491512
100043678
439342655
149834377
31209099
38864265
37010960
27784099
435111930
474455958
280047425
34847904
214026914
162134445
284970854
201106999
935525120
347260938
34217486
523287780
243138063
85333804
631991172
101494790
28668240
42071766
22654907
84758180
62474507
702617004
33778687
120508587
160928340
369925363
337007270
220813161
619300864
225703776
264962720
865282240
218786672
2453940
96210360
174091680
129372532
91062605
8524490
75062844
531726054
55103939
661128
82775925
118295640
30703090
367742304
31671912
39543560
26213792
836624910
104986832
118402620
81635554
59875404
106644536
139877406
85217014
224066460
447940825
12480006
55501362
33973475
177724050
0
534862008
659546827
19463130
26391816
17322886
265032792
89072578
54713530
32767191
85837500
134534034
75395658
49276416
488370376
492338920
39507312
325232652
14816124
57864006
39667848
18000500
419878206
591195944
582505750
218998333
7157115
339888584
5332621
131845821
519702444
475334165
29687049
53961228
63032980
536566248
66145688
101390260
300919372
183733902
267069705
82465632
610593148
143182594
365043600
73274625
807947694
277978812
32631417
67585324
170616909
749561319
11110231
4539051
446202108
329845740
28291680
264025017
3230874
624197177
728773893
953368011
63676720
29746675
798271320
8921372
21677375
64520829
147166388
84199416
199934085
558212740
350582778
133687806
402415500
37434240
227650104
98884172
891090486
113241390
873773273
69337940
86703342
12885782
414649620
61389384
100202746
167978202
179134642
207675944
398511812
62310402
624521955
6934740
107527500
410123056
156914036
658632459
678031502
26463462
698304401
746801991
29297757
449081640
181024965
225367482
705595350
104746656
180462586
57973202
730367790
568348880
684202800
55312348
101914990
247623168
58374236
587604852
447119244
202071375
190291240
124824490
54945530
81668176
191440125
10673613
291219653
170127621
638757480
206627040
500247539
16173630
14419482
173213336
4569048
433905714
281007630
177574440
71295600
257683868
53607963
579860544
1379420
280158879
122294768
252560094
459050422
35099564
445500
494032000
545192856
241626950
333263989
270889860
182611313
45203705
248995920
326265485
126368202
388099725
274427216
239652363
209525826
667477844
177649150
270407190
524136213
247732568
61795440
816627638
267205120
423794910
240303816
22639932
684062808
44703280
463580196
747394494
205424730
434287735
30203050
93729975
5159440
624638430
16237286
359065000
9373528
374752614
143841168
71526150
531103764
271316912
542950830
147869185
283661840
272972316
10891166
359542520
408549096
174990208
150510912
274249976
78966845
333990259
592870496
259365704
614663746
27016640
327607454
101549620
18045848
736229382
588633900
84361920
235366528
1078056
12462850
213910896
81897970
261414587
302390085
23497932
15934466
581073480
225450200
595612048
45367793
1
163724276
737051230
328496768
9627440
132119482
24694876
136219762
329628034
532292864
204862075
113505840
135009031
582020811
35292834
71579684
389007620
463201296
11690327
70945875
67940400
2981316
85360299
26472608
44402792
212843535
174814640
85525518
4490001
770605704
170382096
235984320
521771684
456965376
15541162
302290248
218437800
544745439
226810137
1175109
667548
187007286
301095656
423087806
18352730
51696173
128398420
230429892
449417619
143334726
410709564
389527380
29480528
1000380
87126408
232449536
507939450
45666628
102380740
11920046
70289754
106137759
296720907
170652285
717988540
461788180
224032400
146016648
313849517
611981432
54028920
66051755
888449225
750533056
2082834
156353464
590588544
65746408
470100507
104476592
108730392
59177202
217655284
336347216
133184760
207859652
26405769
236791280
775881876
127551664
312419019
55724476
39572900
325154760
267079539
371707264
152519400
741412127
96187272
19703604
581598688
95061288
749651613
18637245
19993968
91161840
287014260
828717300
61688001
106357300
99678112
582986796
283863344
709837875
595234451
693758763
344406502
57587656
113250826
979991910
929954571
189516075
398493063
793822183
84631547
228026755
157057892
476837016
457255341
20724690
214776900
121126780
310146252
33918960
115812966
487511335
161661440
62457330
216484254
5351680
778192680
587112030
234915406
350880768
490389961
27887839
563510420
21400080
28863284
20004832
615450555
552092475
119243223
43056876
67405527
162190644
676919760
366922243
69664020
45330785
812623143
172507863
477012880
311958682
8999708
782515840
520317700
1312200
97440575
51091375
38012562
19254345
336943572
122298036
239225430
243937005
85783320
134514028
52971836
32426100
157800420
7558432
11991378
720321459
244801188
15535850
933657645
495989679
78336650
507092588
31602202
118755210
715560020
33005280
167802600
15937452
55112876
42975744
612195
707359548
68829198
333067766
659609824
57983760
8580379
114376227
196668759
796935927
235457092
150034294
81913656
74125240
300038000
238433286
186818919
445645496
467484344
7436595
774041217
33883164
115550213
53294544
66132
388822464
148366284
280766740
60885492
29113584
327525084
481250749
189075380
232393500
287851088
137743719
575548288
94829304
446569354
111030189
70215021
38218320
1844980
262534944
105599811
61120764
207295776
51826836
107100832
122458401
295897410
7357008
751766368
37964388
304890828
385020138
665243464
291107456
370197200
27081600
203516665
478561849
696422578
10520223
403381880
15815600
38470269
15102087
704895486
481434855
523386640
361216516
68244651
37284786
0
70814102
131375799
103731165
175774298
238957653
580182048
276548478
112993860
185406826
231975480
668584512
813792468
334240587
465714491
207742820
384471548
296313283
2011760
71396606
363472272
167905848
54278375
23818544
241782660
428890902
355949915
38377570
347235273
123938656
31623872
58261960
824990725
671256960
110123070
325500084
93241164
428445203
27455210
323613292
28909528
293568791
314179420
411335496
451418528
240767340
72913390
231537240
430851840
253732035
153445701
76498235
119432028
138082252
79766002
211753080
553737159
404634120
70877922
761384736
601433900
74967217
4500360
128091100
9436392
18285430
591945332
7361991
3086265
414586287
348358489
69284000
13187100
213101640
620859618
204048634
222202176
87812010
127142880
119353509
9567188
149571372
248519743
46141742
525875357
93878898
159465071
279818396
306489500
457909270
189502472
784726533
66052539
254573150
189571200
235366950
138961521
219657690
22714164
92363639
277968750
8918847
420440158
492423228
135346248
506793132
224055630
216924732
585825
215000701
130441608
353411840
512530044
220657695
168492780
1
1
594179695
117059661
71134776
295092283
257473104
41223168
731254000
132766725
32322949
160576848
470435112
407009582
260113922
145576150
446664960
1801560
486702196
319787013
243774838
34017447
14992290
297809408
407795244
7692960
13642848
208036576
52813800
538276662
719328332
13328550
653423990
411754662
765919986
263602017
481340
308592648
97688358
475646148
37288310
877803850
111662122
111486472
214640214
341381922
72575860
201373007
195990894
261630543
35025600
434393910
249044414
60771075
52617180
231784647
2582415
522895490
208041410
5899109
557190804
417534315
501706656
845546100
304471377
39914710
227775480
42077768
141012552
100927715
475368400
561168000
70553052
38934896
551399760
49635474
336070680
42099021
271476926
43853500
558906814
355869696
757045359
349180356
101017866
88518179
322229206
544946834
520849616
625932650
11600088
791870936
615344687
113420073
1307032
1
1
482257751
1
195004725
587911884
29142498
269855364
280113372
1
386203286
189540588
97665036
54263854
342925209
40305888
186608960
657321480
39722391
216096664
45169200
50696347
114330124
2079696
203208487
47939777
194279728
543167268
65166313
50813920
55756288
359860732
406417212
40663246
46139674
119461915
33852416
17753550
71060848
18710372
144052298
116592012
291631860
441277426
412227546
8395729
21071680
5662020
693200329
73446807
393119449
248180790
155168563
19492448
371336310
356075294
185976735
146665024
860336
61090800
88138407
98042713
236837007
14734842
383688836
2402214
443382336
218133639
118713235
451972224
423375354
229016480
229883700
541066680
471314352
55794734
8180565
3190542
116623476
200262244
591919900
378936448
406339542
887201076
517999008
114506899
379103583
462803256
165666220
288309600
461350080
14911904
735658119
245081000
272335536
722517990
818804155
288699138
98552674
12314705
59043075
91204736
600077970
153605416
74709756
330344469
51313920
15036465
326875164
127351656
172877105
470051736
176631516
20363280
208490810
44136619
151907700
99327396
434186608
161054376
142221952
173761033
348838134
53030780
208708416
100185088
570045868
169830815
258551125
14623102
20516023
781459560
335279315
350321045
212205645
29808360
399371992
24659712
767789288
681519387
69169425
271971712
30501600
419929020
243876364
622461278
317016153
102108584
670769646
39148300
618483288
456889842
282195870
136352789
76507956
117517764
618513856
63933520
264318645
16019270
215813824
52671942
536104282
199192450
462086586
276485520
205722599
11746505
399627414
236934147
731297514
13744780
65546832
203612353
699862032
67550750
184178430
5540084
218305345
818791603
360943340
168636844
401076488
36456588
361520895
833568975
160427027
281004728
139299540
22802376
17420460
195344430
156017516
91579129
122464612
73995012
106710346
73550620
387381942
626364700
52617212
9571068
65340240
123479902
243398662
384224954
590973990
304335360
730164484
628912362
125776897
49908171
528465156
798606120
325747908
86669009
171252800
138220215
311546760
203720882
137881128
501879350
239929716
112141150
335281029
125179786
213277830
575887374
606303852
746655780
164013684
375819792
250498250
124590448
49241640
294332800
107907488
5494782
226629872
60832764
3993696
28150385
187970310
299519262
137719230
176703554
70561517
12723900
12123265
574618759
148205304
2725270
3363804
240856760
9472086
156354000
28810964
34563536
42219800
124294392
58295825
168355913
66037120
189375606
130509090
589372667
0
902006580
365036700
443594776
110619000
223147125
13762350
290414208
74423041
910396500
138118050
35725248
150223234
197327925
130431245
271646464
33098772
345915192
39027285
10254728
50115072
298506915
179108416
588371865
406105722
29984396
226439407
208297653
454922
406021440
446848
1021380
163348416
178269615
233287416
433464007
652596765
7080738
501484588
267780553
49123663
233889118
327262934
419648532
457081040
57998823
482466185
34404158
319162205
377108648
5859600
846824568
739630352
65863863
31760742
59657450
43427610
38565072
19019988
29388294
141234300
4288212
464787016
37611882
698890720
13133196
210571130
83275545
539997096
190472670
139265769
331340862
92652216
410962794
78053832
74397230
404000114
114117696
27545700
11905542
318988574
160874984
305654492
2637689
168416299
134230915
434369936
620372838
575343750
245535290
118603867
878812140
1338480
285248712
323793666
433020544
587662209
7398300
395826300
369252646
84403275
406608456
564907512
33734105
133581600
207334407
555645960
14771948
27039222
85174102
207442630
2986407
208897920
312118531
9235512
186859448
617838232
342605796
110561374
852780830
353950234
479610936
568165231
496488960
255531760
26550048
127328058
246741209
210185234
578168094
96987856
369332354
78367122
6104410
188207040
583071002
656002017
560285760
316647198
660220848
527651982
329989000
438508305
644271312
21045741
86663500
648086631
118840680
356185264
461974128
18393036
233209600
13525491
250471953
514772200
436903005
6918906
514409000
12435414
116006589
144646788
166380588
359094133
98457660
182931620
468126808
158545332
395728925
571730984
86328585
113312412
442926425
334686663
40307588
365132650
413235608
806183950
14573208
160205184
113079854
473307688
521524606
314537825
2279376
115256564
525873348
662881905
93261690
94046760
124921808
607765620
270280875
606808200
319797417
452903419
168379398
29915002
77902642
396380160
165357674
55405057
9164530
65591865
139941750
618111368
161849436
640567130
17625931
15801539
392275644
293176142
55323840
38865561
66147513
69371750
186922434
228003363
123502052
7133280
618852112
255513608
14702040
146537820
543820290
365087695
440174345
144288012
221797368
182162706
63544194
224022996
2960082
500015725
353792748
45678300
228945885
178081204
299684416
333793376
442302699
479791220
158175990
138782070
1
1
488601300
291329470
41796108
265562496
404395800
288996360
485554377
472840200
309870927
28507050
201529729
417292956
361238940
362063565
98365720
200928232
779791540
70178692
232212132
332192542
435224320
613657132
332762482
275561472
787650756
173197452
114955645
40557671
9888580
89622927
113190068
331815288
373977780
102662624
143906070
163101312
297679688
669183795
637450371
44610756
20250900
274727340
219889956
122456531
284415285
71300452
52145274
133737912
598246425
463296
489624859
64896876
198200704
164428008
207710484
166751424
332791555
15930369
11571483
302151265
512582077
134567342
1939556
213221140
805922843
17712702
643602608
146090425
937805
51167338
131766176
126457852
84159174
69279168
542420241
1818618
680498910
495602592
68690398
68970240
10089100
568707993
11531520
4613668
575922602
432795150
88170365
583362395
202036718
618441483
810525306
119016632
181523426
108955760
87173328
525457533
414602250
586022640
508035984
556524336
418587538
676558405
290290117
821208740
98725910
197988241
139700160
194368667
773594347
642995250
208884158
280242578
11099464
331572852
7615127
180045048
314255799
60569142
667112355
135629568
201779886
28994526
243672552
423187572
154263876
749074140
551553906
773107083
4147434
56884506
466730100
591198039
6232632
227366400
325570050
160177704
61010601
310061786
193835084
524271064
18648831
298241220
662819003
23079300
80372028
54484332
328837860
154817817
477031978
37553898
347089850
159453810
417637280
288912844
404005442
232050663
628489568
414900866
266903238
27868266
606678774
15690660
453098100
291629041
426621840
17699811
261800550
70836864
94038426
581644693
214880232
171317376
10181006
431180970
138385366
590367651
189280071
19698330
37841340
170709063
0
560591270
138206500
351375525
23834580
210730400
536642124
474488244
425924281
226840542
402254574
422310876
367017288
438287360
12764153
726920592
661331790
406894320
202004000
127863120
153124296
296335126
17754023
76111050
132823572
755065048
767167233
205560938
322792560
27943965
11868444
272073360
189412798
11360221
126307423
307618179
656051760
70110432
27237450
109547306
51288600
284321236
62239807
240238600
573552945
19911658
7332512
588030201
32541200
388561920
19813508
9029223
226045728
387589824
283227666
285973218
92084850
96917562
373485717
617282640
115284704
17599824
110921534
7279200
565742043
71938064
396533704
506890515
764620878
330283954
1
1
35921408
28435639
92920034
63467062
191002892
196273984
622220712
165543692
95974800
476876909
87120729
286321908
349780422
187392519
253255410
241178064
576255381
88703505
78058860
127841970
396945242
10167380
194178354
101533124
289106587
69218325
237891085
51197988
39387640
98939985
368086106
132922310
212913348
465489420
26889344
142990400
377890132
585126250
187274880
101078736
11210759
17319447
190625340
288284734
484837448
410746484
835814172
433212615
149345652
137866190
154116864
65716635
542582931
83694800
15935100
30393888
18178295
25050816
460995885
348114600
99713925
191417155
440030468
95906271
624691860
351961896
104158936
252730908
465553140
477696752
182222764
4842552
7100786
333337372
55055976
495590000
46975659
710031018
716931756
32511750
602860336
666366030
71801702
529907490
275050016
322165888
590130897
364654584
228809700
6907452
174022100
5571012
32797953
57696457
9700020
204550500
657567508
543955843
111551469
353588396
41541608
496478782
439211885
746822484
76970238
377083824
514816427
336056940
62571450
91175025
170867748
379759212
270445062
10184400
137344530
170367950
531232523
144575232
173552352
99603200
487817408
9475283
175449690
652387085
39010566
387296636
67429395
53271666
195988800
319293556
435683548
64801296
207810170
596175591
241092444
493767240
137930312
462362790
97952886
89207145
12496816
6501108
321911653
227993360
573169716
45258912
423019665
0
816563832
119096188
302560710
408749083
429238502
18220285
57017016
603003285
623721805
862371876
351490682
264347490
168780348
42091080
333425763
77500910
5791656
79036941
204102
302983671
631222580
118445392
10905408
113755200
24687936
23735236
95797980
2984918
197772716
9287675
120783420
9563631
428434110
129937838
169896078
28691076
153996570
115567501
313466632
261685674
121403298
95555266
61799100
714901496
31204038
135396292
204350460
389236981
10856160
561869056
17035640
15624980
389114664
63786567
197063809
600500727
204092115
132641652
81688824
92844117
68219172
19888682
758594208
35815260
414067524
77884249
112373760
554614290
15162609
546989112
792543125
23319023
538013361
286653609
77954112
719766432
72152127
584770932
368835478
390852192
169033128
408199157
132902940
19028733
425475050
630720283
21895405
359848005
619307451
562697036
491170347
403053173
405730332
111755592
766981600
317748979
630582960
152931728
887012514
396051769
28506760
15512835
396968940
23701389
245389872
685418552
18660717
489264957
138354660
20171427
345992166
60954048
386128263
107784508
276069006
21423138
29897146
49377010
60948510
222778770
41946905
462744120
248777862
72643252
60831691
2731050
7633228
171515400
259379133
642657400
365822136
744191280
113556963
237506371
70321426
2550870
608450661
6079557
75017355
839855646
656930200
263675496
672125994
21496800
0
413797770
321005654
191094833
2052133
467947870
377078000
275814528
182748475
815429482
149074704
254358720
125750200
584709610
340368644
326248247
32591762
109675440
650043550
601086708
93405716
145332525
384579868
35478716
8158058
161970088
3471588
374838644
774020107
447440201
6783051
39334210
9707110
79050578
342842498
16318408
2723172
64206890
35658280
414017201
225149720
469145880
55736948
262646880
39403392
82242345
350794368
308150672
781885182
20632428
261314100
203881014
66186792
169700544
658427805
556656462
599327147
79900062
514072937
357187496
66732
174461560
99962688
364394574
115337010
435820212
148152537
290459722
217653120
8250860
261220603
82795986
763556628
280807200
233335620
377201632
70776128
631063140
224615070
194002209
384198696
19579970
2960320
7143552
188664540
170605752
8309736
276041598
637671510
137700360
143199611
401224017
6248340
303359190
313563080
115560891
389015280
23204988
617172720
239693166
213073245
158621679
451316360
22162059
578589815
186579965
134371125
94842143
45166584
167878012
39004800
441414906
39346408
3564134
39791643
124278885
245644056
18050747
195506676
111855052
123138000
73030237
372430927
192274992
412122865
94703180
677998500
528677658
1
1
1
6955740
67781631
269831782
173502780
251595449
84785380
602583898
196053010
69028985
79362792
93155697
73146920
135604875
137481240
107545023
229108856
202279250
150365868
359558568
138673480
107075511
881545885
457646460
110453700
23549701
38283462
28125097
88709775
74549111
737230356
276439460
565391826
76305750
12010806
22329370
64036665
132458955
658810375
406977005
146097190
80059938
170849631
168548608
454724490
2004338
262442312
520828652
139690226
418053239
339580740
14606856
29588715
41134592
119654400
126564354
537597600
2542012
583537098
75476361
459572972
123242088
266385075
8443066
265176175
85626392
585227808
498194240
469648960
585085545
57388128
104732912
113201528
1158995
22671572
36650319
56828304
238789806
5690212
399284829
21691728
598462403
13305501
248418051
44850614
247158330
43365946
324311988
132707608
263250988
595951056
625820
36749262
61793933
598403806
279247800
266545032
40667670
158881107
417512880
663015078
351392522
604370844
303244270
155050660
147002592
685879320
572666202
607932064
160236945
566418762
384929376
503986080
497928196
73316988
626145884
394189404
48242880
46207856
71291781
16097600
194866109
235172938
275044758
263432340
3692806
135986130
42010270
12502713
130363380
223029822
210837795
80761500
14186240
301213575
308151453
332705035
152099233
265439412
60830400
251819376
407072625
424782620
665520804
98460740
300078000
124957086
299115345
729992312
212205084
32282034
247776072
100779409
30685062
289729024
1306072
44095688
345378192
425539416
6288093
41350335
94217810
30498718
424776415
760150168
505168599
415837678
739224444
86025310
172456815
493814562
24869124
537527698
124269310
225771284
113410920
8093308
244130280
23153172
38179152
401914703
205634873
38577636
42154336
529703502
458226034
92246090
281779208
665005440
6148292
6982580
18744954
102594194
22553571
21184803
281610878
699815268
196059912
379460736
216471740
654488036
244392470
77315814
488156088
17366847
627385791
36491295
33894504
134971760
100534320
509970498
24106558
591343725
905917416
585583320
932543912
432668769
140906249
2731938
101256080
529706420
370740720
15336076
54316108
53526725
93337259
241079600
49513224
12145578
34413423
393956560
52637
50277308
203246904
63835331
652567376
195556750
112498395
10774188
86278931
13950102
213263222
89829495
321591024
99799078
112853628
735768628
125973705
106930440
67591480
735585643
323160492
784891308
72074940
115720085
79040256
305853462
325034340
79718470
54086682
23228401
428498980
714955380
59189362
37071768
107754312
1436127
174936761
403153047
90227844
418678668
260431130
286390350
149997970
149401056
385846218
712443861
276459160
205071503
461164590
278273592
147275446
112242008
11319659
30474190
35900678
426039354
93935080
366230031
383804680
200757616
629123966
413393200
86506368
269866968
598325706
306330778
326196882
387594165
365703540
275358070
469167663
114646755
830831092
429515541
237745314
343439096
161137250
75282438
388930035
121473352
66653064
429571765
261678928
58488536
44096296
399864834
818770642
794651166
224643550
140602546
124386108
281507526
93314130
291916578
295133940
551442016
481704462
137517471
276349930
71844097
68083156
823365123
38083647
208665444
76214320
817281994
286733249
906784154
483546945
0
45339777
408018791
525413042
80305056
17947888
47330595
586006344
123553704
259061226
536298458
216010160
213842300
92663579
228514925
295064280
292846554
123885060
257900256
353144480
52203293
445749082
98392896
347392140
865089472
156165250
639602106
459317390
121785440
222762111
176088
205392964
357225472
25421630
508201892
73423008
164196828
48867952
58138949
7069290
400746957
16242464
202636049
92147072
311798102
144036759
230035500
61927644
378629220
33851304
339244071
348877620
283756830
339761664
5646960
480720135
228104633
497146696
92816665
335547306
136646860
47341016
301501512
251594640
697697664
538365855
38065660
175920714
181071632
514957534
82357587
189831184
6645287
287381182
119900532
7106636
91161432
340794846
145901497
109276362
56535219
510714040
852388992
74742507
0
35603125
236903625
26656660
553517950
552248316
317976687
275540025
670810676
140113610
4962495
64827392
21685860
436804432
214354827
250635168
358003596
252779172
118890510
45203928
25541043
115806936
227388714
206901930
223261022
514398920
793618630
656468874
183167296
308998647
120590925
106804272
32899612
38363298
134156539
428342449
260302572
142899292
38449178
239060467
290778579
522287676
16714376
2123898
524732767
843745719
105023360
396128126
517924146
261053445
411444271
85445910
687332230
703929552
649122768
144956643
227014536
176337360
248047065
345924900
207696342
52391286
358601142
543868380
859942116
33331180
226205760
64525094
135714390
37786008
103823715
161987480
125432064
311209997
360970503
42051411
31045482
219498780
206221668
135879960
465079860
74823795
50463240
239093280
194077800
633508994
464014166
77014272
164324734
209139192
1
747892101
197477063
607506995
115990296
76219177
3369309
135550060
395254854
256633146
829137360
297715965
367182244
224553944
122841900
146314168
40632592
514903884
652064049
4966086
713181963
140415840
472171850
21010418
102581736
753405002
143564592
66955968
459257205
566685114
207383346
34617700
492365700
45171122
493904826
34930272
377914420
608215872
10201050
89969535
44354304
750386
43979638
135134244
78717380
463611324
324354420
362064538
95345350
360095987
392388594
35724024
78145795
639404910
632121750
176511279
270610240
572658864
102485775
295078673
281083306
20520888
516709000
54598572
155585220
690122512
869259608
69524400
434674097
174184305
236890655
457053168
73183246
750268209
296825505
66340720
426502848
442194
453216073
593124624
611263782
604164456
9121140
105260596
605212
288232742
142065664
62897891
636653304
144056100
45553340
120232926
157193270
199445785
341342980
637734352
86790784
139131842
703683342
684303760
87354780
42374608
289864860
172042837
361446750
3540672
308096865
32158982
256081550
411735504
46242669
55506700
159950972
225537258
8202138
4277036
53447868
444048266
215113470
555139215
268260030
71154852
42185178
76176220
558923316
12227512
213939866
89276250
95018385
148262712
14277852
294855354
707606208
569489544
123592339
12823832
152511611
171738665
102427684
10897224
746675328
90458830
195434127
511550829
545945100
130788856
508744614
46492254
1387542
194031016
699551910
613025770
204023876
271581488
192855215
20309025
80144832
318620528
284661664
372216966
219690305
102283407
99670930
15510534
786022736
73082200
446943255
85594110
792318080
267587739
473267240
18314520
90577032
150059164
464658099
214864536
433891990
0
332835350
43450992
213311826
498000956
29433964
864793564
233338988
779055240
28202976
211719168
270931284
72563241
194165101
199081675
34321719
164573780
588831248
81473295
33632280
52980018
416548160
97682151
51301920
137266688
32749368
69344352
10957856
46964592
248871796
193479566
813415323
54264444
869680014
127006400
789254928
692556312
155044446
289017774
217049754
113353576
457584000
7375616
546377025
124624888
82341180
163412142
142413720
355540185
590094370
831120192
4604557
250939740
31451178
19647364
6303060
1
1
1
29702009
264318954
658586883
74654968
316727019
116006226
475052832
269006176
204889250
297359910
482027597
491773008
441954392
213666321
359608544
74262483
168673428
150243797
112181237
427223510
163947240
126795758
126357392
208578002
127454103
640384426
903884097
36539272
27152496
39073728
480428837
532140516
70537892
80300442
131233032
114464556
99895053
423201945
18915954
846139478
921445175
254720632
73729799
21947714
14950404
91848960
252828352
630563000
45450060
646152556
169649102
473217908
60809881
1779008
58598568
50529093
18547760
754150787
23460705
274895402
419367375
208908992
466212425
552605280
37022183
391651086
131110240
9329008
296989344
299993305
16370820
489165766
25114768
45340692
358885972
629930784
32806560
103263976
35111643
134153160
35945490
458728560
145917780
14075153
243404130
231096800
391051732
50765780
126982890
212673328
146308110
300216483
743728230
315805953
661016928
366391242
543311280
325349865
78875800
2439200
598020010
12910080
102866534
1086496
488448870
8259120
89852294
478826208
638570088
123961274
149032750
132611200
39222664
182628000
110194287
38337402
753166416
68259165
126279536
377139636
24882427
143216870
197828720
7814384
7735074
228104272
112958120
65968712
45135244
202845984
208148880
185064992
278783912
632031012
107857152
603788064
61929373
67022466
425082560
204767794
500466762
30525012
367126425
35094722
394808346
32690684
349606704
298040574
58386576
137765232
92148504
137328812
226183833
138522900
30321600
10281893
762273354
83684200
207070875
38297800
27256595
653782716
183038020
117374383
16031136
