500
5 43
37 53
92 97
64 37
37 97
60 26
12 19
89 79
14 38
20 22
74 19
32 32
12 94
86 3
17 99
79 66
70 91
42 16
44 21
60 46
5 76
35 35
98 30
97 39
29 21
25 99
68 7
50 30
37 85
54 77
13 91
83 35
52 18
15 25
37 26
100 33
55 23
32 16
83 39
35 85
78 4
53 56
46 75
54 84
92 41
16 24
45 43
21 56
53 3
19 16
46 33
95 70
27 45
94 36
52 17
61 94
56 48
43 28
89 84
32 24
50 49
73 80
57 5
3 74
25 40
91 83
93 48
10 31
25 16
66 18
78 65
29 1
38 43
33 72
15 45
48 95
82 43
24 0
44 38
72 37
70 0
34 4
12 59
39 40
57 71
54 96
13 64
37 61
50 52
79 99
1 76
56 24
35 35
44 20
47 7
42 69
20 26
9 46
52 76
23 1
9 67
65 0
19 33
35 75
79 21
3 8
67 0
50 38
63 63
19 59
64 96
92 2
12 45
71 47
91 83
64 87
45 64
10 28
8 43
71 12
35 75
21 45
39 69
54 94
11 11
50 72
13 67
18 34
4 62
43 95
30 38
38 22
74 98
82 47
43 63
15 88
19 98
28 81
7 34
26 65
85 84
15 73
24 50
49 65
38 79
89 85
91 88
38 0
18 79
38 0
4 33
54 51
14 79
23 99
79 8
93 78
24 53
43 91
87 58
60 96
3 30
47 43
30 46
7 68
31 94
22 37
27 33
54 25
12 94
1 78
14 58
94 57
46 3
97 96
64 64
89 89
75 21
55 0
51 78
74 4
75 25
56 80
5 64
37 59
72 44
30 39
31 1
20 73
14 53
33 74
36 65
12 71
94 25
2 21
33 16
5 41
53 59
16 80
59 83
0 60
99 82
22 80
91 22
97 68
28 46
19 92
63 84
73 58
63 74
39 59
46 3
83 2
41 79
100 77
30 70
55 67
65 14
83 8
52 32
97 26
24 7
28 24
8 54
80 29
4 4
66 70
14 48
74 16
91 52
78 72
79 6
47 91
12 5
69 3
98 93
29 73
95 80
33 60
75 17
51 55
42 69
46 54
14 16
50 75
17 10
15 24
45 86
52 23
44 46
53 17
82 2
8 1
69 96
65 37
33 94
0 18
38 59
30 52
98 67
88 14
57 74
7 52
75 22
57 0
54 46
21 74
29 44
9 26
17 36
83 59
98 46
93 52
23 58
34 9
100 39
60 63
16 31
26 74
86 24
56 44
32 67
93 18
76 70
96 29
50 37
95 51
9 68
48 6
63 63
47 19
27 15
46 59
21 17
89 46
93 84
68 19
78 81
5 45
41 11
100 12
45 61
3 45
11 50
5 80
25 32
58 54
80 15
82 49
20 18
79 75
21 91
17 92
78 49
32 40
60 95
24 30
31 78
10 10
44 57
67 43
43 26
71 27
67 9
4 20
51 79
26 55
23 73
85 35
31 23
87 78
38 92
73 66
48 3
10 95
77 75
76 89
66 98
32 8
100 90
7 69
19 46
4 88
19 96
39 79
54 7
32 37
70 34
58 98
44 36
67 6
7 86
100 66
29 64
50 45
53 36
14 49
26 94
60 20
82 64
24 76
62 30
2 4
84 99
82 54
3 69
67 29
45 98
0 80
39 1
22 8
9 88
25 10
41 62
87 33
21 67
58 90
38 3
49 13
21 51
3 4
89 60
42 15
25 0
98 22
59 100
88 91
74 90
64 40
82 82
1 28
61 12
82 44
76 68
92 63
97 44
77 69
70 99
30 19
90 76
29 98
28 30
86 26
19 48
35 11
57 62
7 4
56 58
34 8
53 0
8 83
93 28
84 3
54 64
66 88
24 42
10 75
15 66
58 17
39 78
72 17
42 11
62 21
59 64
12 47
11 51
73 92
18 5
48 38
43 12
9 89
48 93
92 84
99 6
47 99
65 11
64 85
78 63
60 53
70 89
86 34
40 33
11 26
3 45
21 66
58 13
75 59
58 0
81 33
85 67
53 96
57 6
24 4
18 84
42 38
27 42
57 95
29 4
47 30
84 58
62 2
10 1
30 98
19 66
3 30
65 35
35 35
93 76
26 77
100 99
24 49
74 44
9 9
67 93
1 94
32 28
64 44
60 98
98 63
35 34
80 13
32 31
97 34
17 75
41 72
58 31
4 80
53 47
75 4
100 28
32 67
26 85
96 58
32 64
70 35
70 93
3 4
46 7
19 32
55 37
44 6
