00000000
00000000
00000000
00000000
00000000
00000000
00000000
00000000

0 2 0
0 4 0
0 8 0
0 16 0
0 32 0
0 64 0
0 128 0
0 512 0
0 1024 0
0 2048 0
0 4096 0
0 8192 0
0 16384 0
0 32768 0
0 131072 0
0 262144 0
0 524288 0
0 1048576 0
0 2097152 0
0 4194304 0
0 8388608 0
0 33554432 0
0 67108864 0
0 134217728 0
0 268435456 0
0 536870912 0
0 1073741824 0
0 2147483648 0
0 8589934592 0
0 17179869184 0
0 34359738368 0
0 68719476736 0
0 137438953472 0
0 274877906944 0
0 549755813888 0
0 2199023255552 0
0 4398046511104 0
0 8796093022208 0
0 17592186044416 0
0 35184372088832 0
0 70368744177664 0
0 140737488355328 0
0 562949953421312 0
0 1125899906842624 0
0 2251799813685248 0
0 4503599627370496 0
0 9007199254740992 0
0 18014398509481984 0
0 36028797018963968 0
0 144115188075855872 0
0 288230376151711744 0
0 576460752303423488 0
0 1152921504606846976 0
0 2305843009213693952 0
0 4611686018427387904 0
0 9223372036854775808 0
56